%
spd_inv1_mkl = [
   1000   16.826   18.077
   2000   46.830   41.522
   3000   54.632   55.086
   4000   57.848   61.183
   5000   58.095   60.111
   6000   59.872   59.651
   7000   61.356   64.286
   8000   62.589   67.828
   9000   63.545   63.555
   10000   63.214   65.326
   ];
spd_inv2_mkl = [
   1000   18.879   21.021
   2000   47.189   42.250
   3000   55.144   56.103
   4000   59.092   61.641
   5000   60.004   59.979
   6000   61.702   60.412
   7000   63.410   64.228
   8000   64.329   69.228
   9000   64.988   63.921
   10000   64.833   64.342
   ];
spd_inv3_mkl = [
   1000   17.311   18.035
   2000   46.441   41.563
   3000   54.713   55.055
   4000   57.771   61.124
   5000   58.054   60.041
   6000   59.941   59.437
   7000   61.398   63.682
   8000   62.544   67.911
   9000   63.477   63.739
   10000   63.124   65.136
   ];
chol_var1_mkl = [
   1000    9.861   10.586
   2000   29.499   28.616
   3000   43.220   42.652
   4000   51.450   51.757
   5000   55.768   59.446
   6000   59.096   60.549
   7000   61.284   62.721
   8000   62.842   65.027
   9000   63.987   65.083
   10000   64.121   63.955
];
chol_var2_mkl = [
   1000    9.885   10.618
   2000   29.579   28.635
   3000   43.119   42.601
   4000   51.418   51.882
   5000   55.802   59.480
   6000   59.088   60.820
   7000   61.541   62.877
   8000   62.952   65.164
   9000   64.172   64.908
   10000   64.242   63.987
];
chol_var3_mkl = [
   1000    9.717   10.572
   2000   29.337   28.647
   3000   42.509   42.514
   4000   50.915   51.710
   5000   55.729   59.351
   6000   58.996   60.400
   7000   61.123   62.694
   8000   62.666   64.867
   9000   63.876   64.905
   10000   64.034   63.966
];
trinv_var1_mkl = [
   1000    9.489   10.408
   2000   30.648   29.616
   3000   46.321   46.238
   4000   51.966   55.219
   5000   54.007   58.516
   6000   56.382   57.311
   7000   57.978   59.563
   8000   59.420   65.016
   9000   60.544   61.622
   10000   61.119   61.126
];
trinv_var2_mkl = [
   1000   13.558   12.970
   2000   40.521   34.904
   3000   51.522   47.542
   4000   55.315   55.615
   5000   56.841   59.285
   6000   58.769   59.323
   7000   60.463   60.896
   8000   61.750   65.494
   9000   62.835   62.624
   10000   63.091   62.520
];
trinv_var3_mkl = [
   1000   17.423   18.146
   2000   45.550   39.398
   3000   53.877   49.381
   4000   57.603   57.797
   5000   58.751   59.989
   6000   60.787   59.358
   7000   61.984   61.153
   8000   63.149   66.074
   9000   63.748   62.539
   10000   63.655   61.799
];
trinv_var4_mkl = [
   1000    6.252    6.657
   2000   17.662   15.285
   3000   20.496   18.735
   4000   20.979   20.720
   5000   20.700   21.377
   6000   20.935   20.073
   7000   21.072   20.453
   8000   21.199   21.683
   9000   21.275   20.700
   10000   21.054   20.182
];
ttmm_var1_mkl = [
   1000   10.953   11.443
   2000   36.212   37.198
   3000   49.807   49.703
   4000   55.392   56.518
   5000   55.717   57.680
   6000   56.974   56.968
   7000   57.803   56.216
   8000   58.249   56.194
   9000   58.831   56.242
   10000   58.238   55.671
];
ttmm_var2_mkl = [
   1000   10.769   11.384
   2000   35.803   37.251
   3000   49.519   49.376
   4000   55.344   56.687
   5000   55.555   58.088
   6000   57.121   57.222
   7000   57.947   56.382
   8000   58.563   56.360
   9000   59.098   56.428
   10000   58.401   55.974
];
ttmm_var3_mkl = [
   1000   10.631   11.415
   2000   35.954   37.312
   3000   49.866   49.641
   4000   54.996   56.456
   5000   55.389   57.931
   6000   56.979   56.790
   7000   57.693   55.906
   8000   58.350   56.070
   9000   58.970   56.266
   10000   58.261   55.676
];
