%
spd_inv1_seq_goto = [
   1000    9.076
   2000   17.930
   3000   23.475
   4000   39.892
   5000   47.581
   6000   50.574
   7000   56.378
   8000   56.483
   9000   61.523
   10000   61.209
];
spd_inv3_seq_goto = [
   1000   10.158
   2000   22.885
   3000   33.959
   4000   39.719
   5000   47.457
   6000   50.338
   7000   56.515
   8000   56.969
   9000   62.212
   10000   61.689
];
spd_inv_lapack_goto = [
   1000    9.427
   2000   14.640
   3000   14.175
   4000   15.431
   5000   15.726
   6000   18.536
   7000   17.582
   8000   17.796
   9000   17.336
   10000   17.677
];
chol_var1_seq_goto = [
   1000    5.102
   2000    8.837
   3000    9.137
   4000   11.050
   5000    9.514
   6000   11.003
   7000   10.494
   8000   11.689
   9000   10.881
   10000   11.250
];
chol_var2_seq_goto = [
   1000    8.281
   2000   12.478
   3000   11.988
   4000   13.304
   5000   13.298
   6000   14.044
   7000   13.372
   8000   13.385
   9000   13.739
   10000   13.560
];
chol_var3_seq_goto = [
   1000   11.108
   2000   24.583
   3000   35.556
   4000   41.868
   5000   51.400
   6000   53.109
   7000   59.586
   8000   60.633
   9000   65.173
   10000   65.029
];
chol_lapack_goto = [
   1000    8.301
   2000   12.453
   3000   12.045
   4000   12.863
   5000   13.163
   6000   13.264
   7000   13.220
   8000   13.242
   9000   14.014
   10000   13.757
];
trinv_var1_seq_goto = [
   1000    6.271
   2000    9.574
   3000    9.981
   4000   11.969
   5000   10.268
   6000   12.277
   7000   10.924
   8000   12.679
   9000   11.485
   10000   13.091
];
trinv_var2_seq_goto = [
   1000    8.709
   2000   13.029
   3000   12.649
   4000   14.789
   5000   13.817
   6000   15.033
   7000   13.635
   8000   14.610
   9000   12.709
   10000   15.227
];
trinv_var3_seq_goto = [
   1000    8.360
   2000   19.168
   3000   28.804
   4000   33.995
   5000   41.085
   6000   44.388
   7000   50.264
   8000   50.340
   9000   56.217
   10000   54.924
];
trinv_lapack_goto = [
   1000    8.472
   2000   13.858
   3000   12.655
   4000   13.264
   5000   13.939
   6000   14.873
   7000   14.008
   8000   14.323
   9000   14.291
   10000   14.475
];
ttmm_var1_seq_goto = [
   1000   11.804
   2000   26.954
   3000   40.831
   4000   46.663
   5000   53.485
   6000   57.035
   7000   63.867
   8000   64.239
   9000   67.857
   10000   67.812
];
ttmm_var2_seq_goto = [
   1000    9.398
   2000   17.940
   3000   23.560
   4000   28.266
   5000   33.270
   6000   37.651
   7000   40.530
   8000   43.690
   9000   46.172
   10000   48.599
];
ttmm_var3_seq_goto = [
   1000    8.184
   2000   12.887
   3000   13.175
   4000   14.767
   5000   14.879
   6000   16.129
   7000   15.661
   8000   15.831
   9000   16.220
   10000   17.075
];
ttmm_lapack_goto = [
   1000    9.304
   2000   17.636
   3000   23.575
   4000   28.513
   5000   33.373
   6000   37.643
   7000   41.312
   8000   43.534
   9000   46.696
   10000   48.831
];
