%
spd_inv1_goto = [
   1000   15.337   16.340
   2000   42.254   37.232
   3000   50.362   48.362
   4000   53.921   57.094
   5000   54.325   56.093
   6000   56.249   55.662
   7000   57.836   59.880
   8000   59.163   65.614
   9000   60.157   61.867
   10000   59.928   62.513
   ];
spd_inv2_goto = [
   1000   17.389   19.135
   2000   43.643   39.741
   3000   51.529   50.609
   4000   54.728   58.660
   5000   56.620   56.530
   6000   58.251   56.153
   7000   59.716   59.891
   8000   60.681   65.448
   9000   61.572   60.913
   10000   61.358   60.259
   ];
spd_inv3_goto = [
   1000   15.841   16.764
   2000   42.660   37.314
   3000   50.750   48.578
   4000   53.670   57.152
   5000   54.324   56.255
   6000   56.355   55.384
   7000   57.851   59.700
   8000   59.130   65.653
   9000   60.144   61.535
   10000   59.757   62.295
   ];
chol_var1_goto = [
   1000    9.342   10.822
   2000   27.549   25.859
   3000   41.030   38.984
   4000   48.236   47.168
   5000   51.504   54.058
   6000   54.825   54.565
   7000   57.011   56.996
   8000   58.436   59.548
   9000   59.638   61.459
   10000   59.776   59.735
];
chol_var2_goto = [
   1000   10.136   10.946
   2000   27.960   25.989
   3000   40.791   39.400
   4000   48.534   47.349
   5000   51.710   54.035
   6000   54.863   54.626
   7000   57.002   57.119
   8000   58.586   59.861
   9000   59.779   61.057
   10000   59.910   59.557
];
chol_var3_goto = [
   1000    9.919   11.078
   2000   27.684   25.267
   3000   40.603   38.966
   4000   48.301   47.714
   5000   51.802   53.870
   6000   54.634   54.792
   7000   56.807   56.798
   8000   58.238   59.796
   9000   59.442   61.138
   10000   59.762   59.675
];
trinv_var1_goto = [
   1000    8.128    9.143
   2000   26.588   26.496
   3000   43.297   40.878
   4000   48.017   49.926
   5000   50.402   52.351
   6000   52.626   50.559
   7000   54.747   52.916
   8000   55.381   58.056
   9000   56.186   55.108
   10000   55.416   54.120
];
trinv_var2_goto = [
   1000   10.183   10.730
   2000   30.724   28.629
   3000   43.414   41.045
   4000   48.089   48.751
   5000   50.862   53.160
   6000   53.531   53.492
   7000   55.663   55.790
   8000   57.128   59.003
   9000   58.212   57.142
   10000   58.408   57.213
];
trinv_var3_goto = [
   1000   13.937   14.901
   2000   38.964   32.939
   3000   48.615   42.107
   4000   52.775   52.016
   5000   54.583   54.092
   6000   56.736   54.078
   7000   58.195   56.148
   8000   59.320   60.740
   9000   60.322   58.039
   10000   60.323   56.199
];
trinv_var4_goto = [
   1000    5.383    5.842
   2000   15.376   13.494
   3000   19.485   16.851
   4000   19.969   18.949
   5000   19.778   19.443
   6000   20.020   18.465
   7000   20.054   18.960
   8000   20.036   20.122
   9000   20.027   19.382
   10000   19.899   18.852
];
ttmm_var1_goto = [
   1000   11.514   12.130
   2000   35.728   36.314
   3000   49.333   48.860
   4000   54.344   54.690
   5000   54.582   55.425
   6000   56.292   54.814
   7000   57.225   54.445
   8000   57.869   54.437
   9000   58.299   54.707
   10000   57.592   54.031
];
ttmm_var2_goto = [
   1000   11.343   12.072
   2000   35.746   35.517
   3000   48.814   49.185
   4000   54.148   55.395
   5000   54.713   56.234
   6000   56.341   55.040
   7000   57.405   54.662
   8000   58.040   54.950
   9000   58.613   55.012
   10000   57.770   54.331
];
ttmm_var3_goto = [
   1000   11.363   12.006
   2000   36.129   35.926
   3000   49.206   49.617
   4000   54.366   54.747
   5000   54.736   55.624
   6000   56.250   54.826
   7000   57.090   54.674
   8000   57.802   54.573
   9000   58.240   54.689
   10000   57.636   54.196
];
