%
spd_inv1_seq_mkl = [
   1000    6.993
   2000   17.456
   3000   25.133
   4000   34.811
   5000   37.521
   6000   45.546
   7000   46.701
   8000   51.925
   9000   53.354
   10000   57.505
];
spd_inv3_seq_mkl = [
   1000    6.990
   2000   17.221
   3000   25.103
   4000   35.201
   5000   38.169
   6000   46.344
   7000   47.176
   8000   52.495
   9000   53.656
   10000   57.657
];
spd_inv_lapack_mkl = [
   1000    6.068
   2000   11.945
   3000   14.770
   4000   18.154
   5000   18.732
   6000   21.548
   7000   21.795
   8000   23.147
   9000   23.836
   10000   25.601
];
chol_var1_seq_mkl = [
   1000    2.537
   2000    4.315
   3000    5.006
   4000    6.411
   5000    6.395
   6000    7.076
   7000    7.144
   8000    7.665
   9000    7.761
   10000    8.065
];
chol_var2_seq_mkl = [
   1000    2.997
   2000    6.704
   3000    8.651
   4000   11.650
   5000   12.306
   6000   15.836
   7000   15.963
   8000   18.070
   9000   18.894
   10000   22.089
];
chol_var3_seq_mkl = [
   1000    4.511
   2000   11.796
   3000   18.287
   4000   27.018
   5000   30.698
   6000   39.221
   7000   40.701
   8000   47.073
   9000   48.970
   10000   54.509
];
chol_lapack_mkl = [
   1000    2.987
   2000    6.715
   3000    8.626
   4000   11.680
   5000   12.317
   6000   15.817
   7000   15.953
   8000   18.061
   9000   18.900
   10000   22.034
];
trinv_var1_seq_mkl = [
   1000    5.424
   2000    7.453
   3000    8.007
   4000   10.574
   5000    9.494
   6000   10.747
   7000   10.071
   8000   10.390
   9000   10.600
   10000   10.134
];
trinv_var2_seq_mkl = [
   1000    9.893
   2000   16.615
   3000   17.423
   4000   18.590
   5000   19.164
   6000   19.441
   7000   19.341
   8000   19.032
   9000   19.067
   10000   18.770
];
trinv_var3_seq_mkl = [
   1000    8.303
   2000   23.230
   3000   35.024
   4000   47.652
   5000   50.957
   6000   60.372
   7000   59.578
   8000   63.786
   9000   64.553
   10000   68.218
];
trinv_lapack_mkl = [
   1000    8.805
   2000   16.198
   3000   18.224
   4000   19.689
   5000   20.301
   6000   20.162
   7000   20.604
   8000   20.088
   9000   20.851
   10000   20.013
];
ttmm_var1_seq_mkl = [
   1000   10.272
   2000   22.443
   3000   25.739
   4000   31.515
   5000   31.758
   6000   36.370
   7000   37.926
   8000   41.645
   9000   43.015
   10000   45.863
];
ttmm_var2_seq_mkl = [
   1000    9.057
   2000   17.838
   3000   24.597
   4000   30.051
   5000   32.258
   6000   36.194
   7000   37.797
   8000   41.350
   9000   42.526
   10000   45.969
];
ttmm_var3_seq_mkl = [
   1000   13.334
   2000   14.596
   3000   14.692
   4000   16.339
   5000   17.193
   6000   17.994
   7000   18.067
   8000   18.208
   9000   18.626
   10000   18.685
];
ttmm_lapack_mkl = [
   1000    9.158
   2000   17.886
   3000   24.531
   4000   30.148
   5000   32.363
   6000   36.528
   7000   37.780
   8000   41.364
   9000   42.553
   10000   46.029
];
